mothership1.billing.machineprices.Linux=512:0.0069,1024:0.0139,2048:0.0278,4096:0.0500,8192:0.0889,16384:0.1556
mothership1.billing.machineprices.Windows=512:0.0458,1024:0.0458,2048:0.0458,4096:0.0861,8192:0.1611,16384:0.3014
mothership1.billing.primarystorageprice=0.00042
mothership1.billing.extracloudspaceprice=0.006944444

